

GreedyBestFirst------------------------
GreedyBestFirstTreeSearch:	(cost=301.0, expansions=601)	 3 3 1 0 0 0  1 3 0 2 0 1  3 3 1 0 0 0  2 2 0 1 1 1  2 3 1 1 0 0  2 2 0 1 1 1  2 3 1 1 0 0  2 2 0 1 1 1  3 3 1 0 0 0  2 3 0 1 0 1  3 3 1 0 0 0  2 3 0 1 0 1  3 3 1 0 0 0  2 3 0 1 0 1  3 3 1 0 0 0  1 3 0 2 0 1  3 3 1 0 0 0  2 3 0 1 0 1  3 3 1 0 0 0  2 2 0 1 1 1  3 3 1 0 0 0  2 2 0 1 1 1  2 3 1 1 0 0  0 3 0 3 0 1  1 3 1 2 0 0  1 1 0 2 2 1  2 2 1 1 1 0  1 1 0 2 2 1  2 2 1 1 1 0  2 0 0 1 3 1  2 2 1 1 1 0  1 1 0 2 2 1  2 2 1 1 1 0  1 1 0 2 2 1  1 3 1 2 0 0  0 3 0 3 0 1  1 3 1 2 0 0  1 1 0 2 2 1  2 2 1 1 1 0  1 1 0 2 2 1  1 3 1 2 0 0  1 1 0 2 2 1  1 3 1 2 0 0  0 3 0 3 0 1  1 3 1 2 0 0  0 3 0 3 0 1  2 3 1 1 0 0  1 3 0 2 0 1  3 3 1 0 0 0  2 2 0 1 1 1  2 3 1 1 0 0  2 2 0 1 1 1  2 3 1 1 0 0  1 3 0 2 0 1  3 3 1 0 0 0  1 3 0 2 0 1  3 3 1 0 0 0  2 2 0 1 1 1  3 3 1 0 0 0  2 2 0 1 1 1  3 3 1 0 0 0  2 2 0 1 1 1  2 3 1 1 0 0  0 3 0 3 0 1  1 3 1 2 0 0  1 1 0 2 2 1  1 3 1 2 0 0  0 3 0 3 0 1  2 3 1 1 0 0  2 2 0 1 1 1  3 3 1 0 0 0  1 3 0 2 0 1  2 3 1 1 0 0  1 3 0 2 0 1  3 3 1 0 0 0  2 3 0 1 0 1  3 3 1 0 0 0  2 2 0 1 1 1  2 3 1 1 0 0  1 3 0 2 0 1  2 3 1 1 0 0  1 3 0 2 0 1  2 3 1 1 0 0  2 2 0 1 1 1  3 3 1 0 0 0  2 2 0 1 1 1  3 3 1 0 0 0  2 3 0 1 0 1  3 3 1 0 0 0  2 2 0 1 1 1  2 3 1 1 0 0  0 3 0 3 0 1  1 3 1 2 0 0  0 3 0 3 0 1  2 3 1 1 0 0  0 3 0 3 0 1  2 3 1 1 0 0  1 3 0 2 0 1  3 3 1 0 0 0  2 3 0 1 0 1  3 3 1 0 0 0  1 3 0 2 0 1  3 3 1 0 0 0  1 3 0 2 0 1  3 3 1 0 0 0  1 3 0 2 0 1  2 3 1 1 0 0  2 2 0 1 1 1  2 3 1 1 0 0  1 3 0 2 0 1  3 3 1 0 0 0  2 3 0 1 0 1  3 3 1 0 0 0  2 2 0 1 1 1  2 3 1 1 0 0  2 2 0 1 1 1  3 3 1 0 0 0  1 3 0 2 0 1  3 3 1 0 0 0  2 2 0 1 1 1  2 3 1 1 0 0  0 3 0 3 0 1  2 3 1 1 0 0  2 2 0 1 1 1  3 3 1 0 0 0  1 3 0 2 0 1  3 3 1 0 0 0  2 2 0 1 1 1  2 3 1 1 0 0  0 3 0 3 0 1  2 3 1 1 0 0  0 3 0 3 0 1  1 3 1 2 0 0  0 3 0 3 0 1  1 3 1 2 0 0  1 1 0 2 2 1  2 2 1 1 1 0  1 1 0 2 2 1  2 2 1 1 1 0  1 1 0 2 2 1  1 3 1 2 0 0  0 3 0 3 0 1  1 3 1 2 0 0  1 1 0 2 2 1  1 3 1 2 0 0  1 1 0 2 2 1  1 3 1 2 0 0  0 3 0 3 0 1  2 3 1 1 0 0  2 2 0 1 1 1  3 3 1 0 0 0  1 3 0 2 0 1  3 3 1 0 0 0  2 2 0 1 1 1  3 3 1 0 0 0  2 2 0 1 1 1  2 3 1 1 0 0  0 3 0 3 0 1  1 3 1 2 0 0  0 3 0 3 0 1  2 3 1 1 0 0  2 2 0 1 1 1  3 3 1 0 0 0  2 3 0 1 0 1  3 3 1 0 0 0  1 3 0 2 0 1  2 3 1 1 0 0  1 3 0 2 0 1  2 3 1 1 0 0  0 3 0 3 0 1  2 3 1 1 0 0  1 3 0 2 0 1  2 3 1 1 0 0  2 2 0 1 1 1  3 3 1 0 0 0  2 3 0 1 0 1  3 3 1 0 0 0  2 2 0 1 1 1  2 3 1 1 0 0  2 2 0 1 1 1  2 3 1 1 0 0  2 2 0 1 1 1  2 3 1 1 0 0  0 3 0 3 0 1  2 3 1 1 0 0  1 3 0 2 0 1  2 3 1 1 0 0  0 3 0 3 0 1  2 3 1 1 0 0  1 3 0 2 0 1  2 3 1 1 0 0  2 2 0 1 1 1  3 3 1 0 0 0  2 2 0 1 1 1  3 3 1 0 0 0  2 3 0 1 0 1  3 3 1 0 0 0  2 2 0 1 1 1  2 3 1 1 0 0  0 3 0 3 0 1  1 3 1 2 0 0  0 3 0 3 0 1  2 3 1 1 0 0  1 3 0 2 0 1  3 3 1 0 0 0  2 3 0 1 0 1  3 3 1 0 0 0  2 3 0 1 0 1  3 3 1 0 0 0  1 3 0 2 0 1  2 3 1 1 0 0  2 2 0 1 1 1  3 3 1 0 0 0  2 2 0 1 1 1  3 3 1 0 0 0  1 3 0 2 0 1  3 3 1 0 0 0  1 3 0 2 0 1  3 3 1 0 0 0  2 2 0 1 1 1  2 3 1 1 0 0  1 3 0 2 0 1  2 3 1 1 0 0  2 2 0 1 1 1  2 3 1 1 0 0  1 3 0 2 0 1  2 3 1 1 0 0  0 3 0 3 0 1  2 3 1 1 0 0  1 3 0 2 0 1  3 3 1 0 0 0  2 2 0 1 1 1  2 3 1 1 0 0  1 3 0 2 0 1  2 3 1 1 0 0  0 3 0 3 0 1  1 3 1 2 0 0  1 1 0 2 2 1  1 3 1 2 0 0  0 3 0 3 0 1  2 3 1 1 0 0  0 3 0 3 0 1  1 3 1 2 0 0  0 3 0 3 0 1  2 3 1 1 0 0  1 3 0 2 0 1  2 3 1 1 0 0  0 3 0 3 0 1  2 3 1 1 0 0  1 3 0 2 0 1  2 3 1 1 0 0  2 2 0 1 1 1  2 3 1 1 0 0  2 2 0 1 1 1  2 3 1 1 0 0  1 3 0 2 0 1  3 3 1 0 0 0  1 3 0 2 0 1  2 3 1 1 0 0  0 3 0 3 0 1  2 3 1 1 0 0  2 2 0 1 1 1  2 3 1 1 0 0  2 2 0 1 1 1  3 3 1 0 0 0  2 2 0 1 1 1  2 3 1 1 0 0  1 3 0 2 0 1  3 3 1 0 0 0  2 3 0 1 0 1  3 3 1 0 0 0  2 3 0 1 0 1  3 3 1 0 0 0  1 3 0 2 0 1  3 3 1 0 0 0  1 3 0 2 0 1  3 3 1 0 0 0  2 2 0 1 1 1  3 3 1 0 0 0  1 3 0 2 0 1  2 3 1 1 0 0  0 3 0 3 0 1  2 3 1 1 0 0  2 2 0 1 1 1  2 3 1 1 0 0  0 3 0 3 0 1  1 3 1 2 0 0  1 1 0 2 2 1  2 2 1 1 1 0  2 0 0 1 3 1  2 2 1 1 1 0  1 1 0 2 2 1  2 2 1 1 1 0  2 0 0 1 3 1  3 0 1 0 3 0  2 0 0 1 3 1  3 0 1 0 3 0  1 0 0 2 3 1  1 1 1 2 2 0  1 0 0 2 3 1  1 1 1 2 2 0  0 0 0 3 3 1 
GreedyBestFirstGraphSearch:	(cost=11.0, expansions=13)	 3 3 1 0 0 0  1 3 0 2 0 1  2 3 1 1 0 0  0 3 0 3 0 1  1 3 1 2 0 0  1 1 0 2 2 1  2 2 1 1 1 0  2 0 0 1 3 1  3 0 1 0 3 0  1 0 0 2 3 1  1 1 1 2 2 0  0 0 0 3 3 1 

Astar------------------------
AstarTreeSearch:	(cost=11.0, expansions=10812)	 3 3 1 0 0 0  1 3 0 2 0 1  2 3 1 1 0 0  0 3 0 3 0 1  1 3 1 2 0 0  1 1 0 2 2 1  2 2 1 1 1 0  2 0 0 1 3 1  3 0 1 0 3 0  1 0 0 2 3 1  2 0 1 1 3 0  0 0 0 3 3 1 
AstarGraphSearch:	(cost=11.0, expansions=14)	 3 3 1 0 0 0  1 3 0 2 0 1  2 3 1 1 0 0  0 3 0 3 0 1  1 3 1 2 0 0  1 1 0 2 2 1  2 2 1 1 1 0  2 0 0 1 3 1  3 0 1 0 3 0  1 0 0 2 3 1  1 1 1 2 2 0  0 0 0 3 3 1 

BreadthFirst------------------------
BreadthFirstTreeSearch:		(cost=11.0, expansions=10182)	 3 3 1 0 0 0  1 3 0 2 0 1  2 3 1 1 0 0  0 3 0 3 0 1  1 3 1 2 0 0  1 1 0 2 2 1  2 2 1 1 1 0  2 0 0 1 3 1  3 0 1 0 3 0  1 0 0 2 3 1  1 1 1 2 2 0  0 0 0 3 3 1 
BreadthFirstGraphSearch:	(cost=11.0, expansions=14)	 3 3 1 0 0 0  1 3 0 2 0 1  2 3 1 1 0 0  0 3 0 3 0 1  1 3 1 2 0 0  1 1 0 2 2 1  2 2 1 1 1 0  2 0 0 1 3 1  3 0 1 0 3 0  1 0 0 2 3 1  1 1 1 2 2 0  0 0 0 3 3 1 

DepthFirst------------------------
DepthFirstTreeSearch:	(cost=61.0, expansions=61)	 3 3 1 0 0 0  2 2 0 1 1 1  2 3 1 1 0 0  0 3 0 3 0 1  1 3 1 2 0 0  0 3 0 3 0 1  1 3 1 2 0 0  0 3 0 3 0 1  1 3 1 2 0 0  0 3 0 3 0 1  2 3 1 1 0 0  2 2 0 1 1 1  2 3 1 1 0 0  1 3 0 2 0 1  3 3 1 0 0 0  2 2 0 1 1 1  2 3 1 1 0 0  2 2 0 1 1 1  2 3 1 1 0 0  2 2 0 1 1 1  3 3 1 0 0 0  1 3 0 2 0 1  2 3 1 1 0 0  0 3 0 3 0 1  2 3 1 1 0 0  1 3 0 2 0 1  3 3 1 0 0 0  1 3 0 2 0 1  3 3 1 0 0 0  2 2 0 1 1 1  2 3 1 1 0 0  0 3 0 3 0 1  2 3 1 1 0 0  0 3 0 3 0 1  2 3 1 1 0 0  0 3 0 3 0 1  1 3 1 2 0 0  0 3 0 3 0 1  2 3 1 1 0 0  1 3 0 2 0 1  2 3 1 1 0 0  2 2 0 1 1 1  2 3 1 1 0 0  1 3 0 2 0 1  3 3 1 0 0 0  1 3 0 2 0 1  2 3 1 1 0 0  0 3 0 3 0 1  2 3 1 1 0 0  2 2 0 1 1 1  3 3 1 0 0 0  1 3 0 2 0 1  2 3 1 1 0 0  0 3 0 3 0 1  1 3 1 2 0 0  1 1 0 2 2 1  2 2 1 1 1 0  2 0 0 1 3 1  3 0 1 0 3 0  1 0 0 2 3 1  2 0 1 1 3 0  0 0 0 3 3 1 
DepthFirstGraphSearch:	(cost=11.0, expansions=13)	 3 3 1 0 0 0  2 2 0 1 1 1  2 3 1 1 0 0  0 3 0 3 0 1  1 3 1 2 0 0  1 1 0 2 2 1  2 2 1 1 1 0  2 0 0 1 3 1  3 0 1 0 3 0  1 0 0 2 3 1  2 0 1 1 3 0  0 0 0 3 3 1 

UniformCost------------------------
UniformCostTreeSearch:	(cost=11.0, expansions=9514)	 3 3 1 0 0 0  1 3 0 2 0 1  2 3 1 1 0 0  0 3 0 3 0 1  1 3 1 2 0 0  1 1 0 2 2 1  2 2 1 1 1 0  2 0 0 1 3 1  3 0 1 0 3 0  1 0 0 2 3 1  1 1 1 2 2 0  0 0 0 3 3 1 
UniformCostGraphSearch:	(cost=11.0, expansions=14)	 3 3 1 0 0 0  2 2 0 1 1 1  2 3 1 1 0 0  0 3 0 3 0 1  1 3 1 2 0 0  1 1 0 2 2 1  2 2 1 1 1 0  2 0 0 1 3 1  3 0 1 0 3 0  1 0 0 2 3 1  1 1 1 2 2 0  0 0 0 3 3 1 

IterativeDeepening----------------------
IterativeDeepeningTreeSearch:	(cost=21.0, expansions=38)	 3 3 1 0 0 0  2 3 0 1 0 1  3 3 1 0 0 0  1 3 0 2 0 1  3 3 1 0 0 0  2 3 0 1 0 1  3 3 1 0 0 0  1 3 0 2 0 1  2 3 1 1 0 0  0 3 0 3 0 1  2 3 1 1 0 0  0 3 0 3 0 1  1 3 1 2 0 0  1 1 0 2 2 1  1 3 1 2 0 0  1 1 0 2 2 1  2 2 1 1 1 0  2 0 0 1 3 1  3 0 1 0 3 0  1 0 0 2 3 1  1 1 1 2 2 0  0 0 0 3 3 1 
IterativeDeepeningGraphSearch:	(cost=11.0, expansions=12)	 3 3 1 0 0 0  1 3 0 2 0 1  2 3 1 1 0 0  0 3 0 3 0 1  1 3 1 2 0 0  1 1 0 2 2 1  2 2 1 1 1 0  2 0 0 1 3 1  3 0 1 0 3 0  1 0 0 2 3 1  1 1 1 2 2 0  0 0 0 3 3 1 