

GreedyBestFirst------------------------
GreedyBestFirstTreeSearch:	(cost=180.0, expansions=62)	 0 0 0 0  0 0 3 0  3 0 0 0  0 3 0 0  12 3 0 0  0 3 0 12  0 0 0 15  0 0 3 15  3 0 0 15  3 8 0 15  0 8 3 15  3 8 0 15  12 8 0 15  12 8 3 15  0 8 3 27  0 8 0 30  8 0 0 30  8 8 0 30  5 8 3 30  5 0 3 38  5 8 3 38  5 8 0 41  12 8 0 41  9 8 3 41  12 8 3 41  12 0 3 49  4 8 3 49  12 8 3 49  12 0 3 57  4 8 3 57  4 8 0 60  1 8 3 60 
GreedyBestFirstGraphSearch:	null

Astar------------------------
AstarTreeSearch:	(cost=17.0, expansions=198)	 0 0 0 0  0 0 3 0  0 3 0 0  0 3 3 0  0 6 0 0  0 6 3 0  0 8 1 0 
AstarGraphSearch:	null

BreadthFirst------------------------
BreadthFirstTreeSearch:		(cost=23.0, expansions=19)	 0 0 0 0  12 0 0 0  4 8 0 0  1 8 3 0 
BreadthFirstGraphSearch:	null

DepthFirst------------------------
DepthFirstTreeSearch:	(cost=686.0, expansions=105)	 0 0 0 0  12 0 0 0  4 8 0 0  4 8 3 0  4 0 3 8  0 0 3 12  0 8 3 12  3 8 0 12  12 8 0 12  0 8 0 24  8 0 0 24  0 0 0 32  0 0 3 32  0 3 0 32  0 0 0 35  12 0 0 35  12 8 0 35  0 8 0 47  0 8 3 47  12 8 3 47  0 8 3 59  12 8 3 59  0 8 3 71  12 8 3 71  12 0 3 79  12 8 3 79  12 0 3 87  12 8 3 87  0 8 3 99  0 0 3 107  12 0 3 107  0 0 3 119  3 0 0 119  12 0 0 119  12 0 3 119  4 8 3 119  7 8 0 119  12 3 0 119  12 0 3 119  0 0 3 131  12 0 3 131  0 0 3 143  3 0 0 143  0 3 0 143  0 8 0 143  0 8 3 143  0 8 0 146  0 8 3 146  8 0 3 146  0 0 3 154  3 0 0 154  12 0 0 154  12 0 3 154  12 8 3 154  12 0 3 162  0 0 3 174  0 3 0 174  0 0 0 177  12 0 0 177  12 8 0 177  12 8 3 177  12 0 3 185  12 0 0 188  12 0 3 188  12 0 0 191  0 0 0 203  12 0 0 203  9 0 3 203  12 0 3 203  12 0 0 206  12 8 0 206  12 5 3 206  12 5 0 209  12 2 3 209  12 0 3 211  12 0 0 214  0 0 0 226  12 0 0 226  12 0 3 226  0 0 3 238  3 0 0 238  12 0 0 238  12 0 3 238  4 8 3 238  12 0 3 238  12 0 0 241  12 8 0 241  0 8 0 253  0 5 3 253  0 8 3 253  3 8 0 253  3 8 3 253  3 0 3 261  3 8 3 261  3 8 0 264  3 5 3 264  3 0 3 269  12 0 3 269  12 3 0 269  12 3 3 269  12 6 0 269  12 6 3 269  10 8 3 269  10 0 3 277  10 8 3 277  12 8 1 277 
DepthFirstGraphSearch:	null

UniformCost------------------------
UniformCostTreeSearch:	(cost=17.0, expansions=206)	 0 0 0 0  0 0 3 0  0 3 0 0  0 3 3 0  0 6 0 0  0 6 3 0  0 8 1 0 
UniformCostGraphSearch:	null

IterativeDeepening----------------------
IterativeDeepeningTreeSearch:	(cost=23.0, expansions=3)	 0 0 0 0  12 0 0 0  9 0 3 0  1 8 3 0 
IterativeDeepeningGraphSearch:	(cost=23.0, expansions=3)	 0 0 0 0  12 0 0 0  9 0 3 0  1 8 3 0 